20100601130000
20100601140000
20100601150000
20100601160000
20100601170000
20100601180000
20100601190000
20100601200000
20100601210000
20100601220000
20100601230000
20100602000000
20100602010000
20100602020000
20100602030000
20100602040000
20100602050000
20100602060000
20100602070000
20100602080000
20100602090000
20100602100000
20100602110000
20100602120000
20100602130000
20100602140000
20100602150000
20100602160000
20100602170000
20100602180000
20100602190000
20100602200000
20100602210000
20100602220000
20100602230000
20100603000000
20100603010000
20100603020000
20100603030000
20100603040000
20100603050000
20100603060000
20100603070000
20100603080000
20100603090000
20100603100000
20100603110000
20100603120000
20100603130000
20100603140000
20100603150000
20100603160000
20100603170000
20100603180000
20100603190000
20100603200000
20100603210000
20100603220000
20100603230000
20100604000000
20100604010000
20100604020000
20100604030000
20100604040000
20100604050000
20100604060000
20100604070000
20100604080000
20100604090000
20100604100000
20100604110000
20100604120000
20100604130000
20100604140000
20100604150000
20100604160000
20100604170000
20100604180000
20100604190000
20100604200000
20100604210000
20100604220000
20100604230000
20100605000000
20100605010000
20100605020000
20100605030000
20100605040000
20100605050000
20100605060000
20100605070000
20100605080000
20100605090000
20100605100000
20100605110000
20100605120000
20100605130000
20100605140000
20100605150000
20100605160000
20100605170000
20100605180000
20100605190000
20100605200000
20100605210000
20100605220000
20100605230000
20100606000000
20100606010000
20100606020000
20100606030000
20100606040000
20100606050000
20100606060000
20100606070000
20100606080000
20100606090000
20100606100000
20100606110000
20100606120000
20100606130000
20100606140000
20100606150000
20100606160000
20100606170000
20100606180000
20100606190000
20100606200000
20100606210000
20100606220000
20100606230000
20100607000000
20100607010000
20100607020000
20100607030000
20100607040000
20100607050000
20100607060000
20100607070000
20100607080000
20100607090000
20100607100000
20100607110000
20100607120000
20100607130000
20100607140000
20100607150000
20100607160000
20100607170000
20100607180000
20100607190000
20100607200000
20100607210000
20100607220000
20100607230000
